<?xml version="1.0" encoding="UTF-8" standalone="no" ?>
<COLLADA xmlns="http://www.collada.org/2005/11/COLLADASchema" version="1.4.1">
    <asset>
        <contributor>
            <authoring_tool>SketchUp 15.3.331</authoring_tool>
        </contributor>
        <created>2015-10-10T10:56:00Z</created>
        <modified>2015-10-10T10:56:00Z</modified>
        <unit meter="0.0254" name="inch" />
        <up_axis>Z_UP</up_axis>
    </asset>
    <library_visual_scenes>
        <visual_scene id="ID1">
            <node name="SketchUp">
                <node id="skp_camera" name="Last Saved SketchUp View">
                    <lookat>4.566022 -47.99653 18.28166 0.5520106 -0.6374041 9.450397 -0.0154282 0.1820288 0.9831722</lookat>
                </node>
                <node id="ID2" name="group_0">
                    <matrix>1 0 0 -13.73166 0 1 0 -14.66939 0 0 1 -1.839727 0 0 0 1</matrix>
                    <node id="ID3" name="instance_0">
                        <matrix>2.083989e-014 -0.8110638 0.5849577 19.15415 1 1.66464e-014 -1.254552e-014 13.98612 4.377807e-016 0.5849577 0.8110638 19.93564 0 0 0 1</matrix>
                        <instance_node url="#ID4" />
                    </node>
                    <node id="ID46" name="instance_9">
                        <matrix>0.1069509 0.9872615 -0.1177974 7.389221 -0.859448 0.1513674 0.4883001 24.67846 0.4999106 0.04901666 0.8646888 5.156535 0 0 0 1</matrix>
                        <instance_node url="#ID47" />
                    </node>
                    <node id="ID56" name="instance_18">
                        <matrix>0.9269147 -0.005465419 -0.3752323 9.024287 -0.173787 0.8799626 -0.4421131 4.511714 0.3326067 0.4750116 0.8147004 -2.108856 0 0 0 1</matrix>
                        <instance_node url="#ID47" />
                    </node>
                    <node id="ID57" name="instance_19">
                        <matrix>0.06336779 -0.9267505 -0.3702944 12.4081 0.9570585 0.1616038 -0.2406726 4.816933 0.2828845 -0.3391425 0.8971949 13.5667 0 0 0 1</matrix>
                        <instance_node url="#ID47" />
                    </node>
                    <node id="ID58" name="instance_20">
                        <matrix>0.06336779 -0.9267505 -0.3702944 12.4081 0.9570585 0.1616038 -0.2406726 4.816933 0.2828845 -0.3391425 0.8971949 2.879198 0 0 0 1</matrix>
                        <instance_node url="#ID47" />
                    </node>
                    <node id="ID59" name="instance_21">
                        <matrix>-0.2502157 0.5503928 0.7965299 15.8266 -0.853317 0.2633269 -0.4500101 14.81524 -0.45743 -0.7922921 0.403771 25.33323 0 0 0 1</matrix>
                        <instance_node url="#ID4" />
                    </node>
                    <node id="ID60" name="instance_22">
                        <matrix>-0.9337655 0.2592274 0.2467452 20.00782 -0.1186187 -0.8746548 0.4700091 26.61693 0.3376562 0.4096097 0.8474717 -1.851956 0 0 0 1</matrix>
                        <instance_node url="#ID47" />
                    </node>
                    <node id="ID61" name="instance_23">
                        <matrix>0.2637422 0.7071068 -0.6560793 8.241618 -0.9278363 1.265654e-014 -0.3729877 17.30902 -0.2637422 0.7071068 0.6560793 20.43916 0 0 0 1</matrix>
                        <instance_node url="#ID4" />
                    </node>
                    <node id="ID62" name="instance_24">
                        <matrix>0.4438322 -0.7912685 0.4206032 16.05549 0.5866554 -0.09823246 -0.8038568 11.46876 0.6773835 0.6035267 0.4206032 16.8556 0 0 0 1</matrix>
                        <instance_node url="#ID4" />
                    </node>
                    <node id="ID63" name="instance_25">
                        <matrix>-0.2785719 -0.7758491 0.5660881 25.99995 0.9009831 -0.4152374 -0.1257277 14.39512 0.3326067 0.4750116 0.8147004 3.766144 0 0 0 1</matrix>
                        <instance_node url="#ID47" />
                    </node>
                    <node id="ID64" name="instance_26">
                        <matrix>0.6719289 0.6916548 -0.2648117 8.462711 -0.5363812 0.2079117 -0.8179658 12.86694 -0.5106925 0.6916548 0.5106925 21.26879 0 0 0 1</matrix>
                        <instance_node url="#ID4" />
                    </node>
                    <node id="ID65" name="instance_27">
                        <matrix>-0.6101452 -0.7922896 -3.330669e-016 14.14499 0.5602334 -0.4314378 0.7071068 17.28448 -0.5602334 0.4314378 0.7071068 21.9104 0 0 0 1</matrix>
                        <instance_node url="#ID4" />
                    </node>
                    <node id="ID66" name="instance_28">
                        <matrix>0.9269147 -0.005465419 -0.3752323 9.024287 -0.173787 0.8799626 -0.4421131 4.511714 0.3326067 0.4750116 0.8147004 8.578644 0 0 0 1</matrix>
                        <instance_node url="#ID47" />
                    </node>
                    <node id="ID67" name="instance_29">
                        <matrix>0.5404235 0.6528028 -0.5308398 1.32352 -0.770669 0.637235 -0.0009398234 13.80137 0.3376562 0.4096097 0.8474717 4.023044 0 0 0 1</matrix>
                        <instance_node url="#ID47" />
                    </node>
                    <node id="ID68" name="instance_30">
                        <matrix>1 0 0 11.36391 0 1 0 11.77461 0 0 1 22.85257 0 0 0 1</matrix>
                        <instance_node url="#ID4" />
                    </node>
                    <node id="ID69" name="instance_31">
                        <matrix>-0.9671129 0.03582918 -0.2518113 14.25154 -0.1383783 -0.9048033 0.4027187 25.29404 -0.2134106 0.4243197 0.8800049 1.3602 0 0 0 1</matrix>
                        <instance_node url="#ID47" />
                    </node>
                    <node id="ID70" name="instance_32">
                        <matrix>1 -0 0 0 0 6.718931e-014 -1 14.66939 0 1 6.718931e-014 1.839727 0 0 0 1</matrix>
                        <instance_node url="#ID71" />
                    </node>
                    <node id="ID82" name="instance_33">
                        <matrix>-0.8101318 -0.3265489 0.4868801 26.80053 0.3062284 -0.9439085 -0.1235353 16.17839 0.4999106 0.04901666 0.8646888 -0.7184652 0 0 0 1</matrix>
                        <instance_node url="#ID47" />
                    </node>
                    <node id="ID83" name="instance_34">
                        <matrix>-0.8761496 0.2892724 0.3855948 24.15179 -0.3903053 -0.8951557 -0.2153089 17.24602 0.2828845 -0.3391425 0.8971949 8.754198 0 0 0 1</matrix>
                        <instance_node url="#ID47" />
                    </node>
                    <node id="ID84" name="instance_35">
                        <matrix>-0.1495353 0.9887564 6.106227e-016 11.94569 -0.7673208 -0.1160464 0.6306758 20.44804 0.6235847 0.09430832 0.7760464 19.71741 0 0 0 1</matrix>
                        <instance_node url="#ID4" />
                    </node>
                    <node id="ID85" name="instance_36">
                        <matrix>-0.9337655 0.2592274 0.2467452 20.00782 -0.1186187 -0.8746548 0.4700091 26.61693 0.3376562 0.4096097 0.8474717 8.835544 0 0 0 1</matrix>
                        <instance_node url="#ID47" />
                    </node>
                    <node id="ID86" name="instance_37">
                        <matrix>0.5734554 0.7836616 -0.2387959 5.178382 -0.7909519 0.453682 -0.4105701 9.326449 -0.2134106 0.4243197 0.8800049 7.2352 0 0 0 1</matrix>
                        <instance_node url="#ID47" />
                    </node>
                    <node id="ID87" name="instance_38">
                        <matrix>-0.9671129 0.03582918 -0.2518113 14.25154 -0.1383783 -0.9048033 0.4027187 25.29404 -0.2134106 0.4243197 0.8800049 12.0477 0 0 0 1</matrix>
                        <instance_node url="#ID47" />
                    </node>
                    <node id="ID88" name="instance_39">
                        <matrix>-0.8101318 -0.3265489 0.4868801 26.80053 0.3062284 -0.9439085 -0.1235353 16.17839 0.4999106 0.04901666 0.8646888 9.969035 0 0 0 1</matrix>
                        <instance_node url="#ID47" />
                    </node>
                    <node id="ID89" name="instance_40">
                        <matrix>6.123234e-017 6.718931e-014 -1 13.73166 -1 4.114159e-030 -6.123234e-017 28.40105 0 1 6.718931e-014 1.839727 0 0 0 1</matrix>
                        <instance_node url="#ID71" />
                    </node>
                </node>
            </node>
        </visual_scene>
    </library_visual_scenes>
    <library_nodes>
        <node id="ID4" name="Spiraea_Leaf_Clump">
            <node id="ID5" name="instance_1">
                <matrix>-0.8193383 0.2466613 0.5175355 4.545355 -0.2814426 0.6134039 -0.7379199 2.649982 -0.4994745 -0.7502625 -0.4331643 2.54795 0 0 0 1</matrix>
                <instance_node url="#ID6" />
            </node>
            <node id="ID22" name="instance_2">
                <matrix>0.2495627 0.9638806 -0.09301974 -0.04015297 0.8296045 -0.2623615 -0.492872 0.9370799 -0.4994745 0.0458329 -0.8651153 1.725432 0 0 0 1</matrix>
                <instance_node url="#ID6" />
            </node>
            <node id="ID23" name="instance_3">
                <matrix>0.1986746 -0.9659258 -0.1658785 3.843264 -0.8432399 -0.2547285 0.4733495 5.444708 -0.4994745 0.0458329 -0.8651153 1.725432 0 0 0 1</matrix>
                <instance_node url="#ID6" />
            </node>
            <node id="ID24" name="instance_4">
                <matrix>0.4047 -0.700961 5.551115e-017 4.364016 0.700961 0.4047 1.665335e-016 0.03429393 -1.110223e-016 -1.110223e-016 0.8094 1.389705 0 0 0 1</matrix>
                <instance_node url="#ID25" />
            </node>
        </node>
        <node id="ID6" name="Spiraea_Leaf">
            <instance_geometry url="#ID7">
                <bind_material>
                    <technique_common>
                        <instance_material symbol="Material2" target="#ID8">
                            <bind_vertex_input semantic="UVSET0" input_semantic="TEXCOORD" input_set="0" />
                        </instance_material>
                        <instance_material symbol="Material3" target="#ID17">
                            <bind_vertex_input semantic="UVSET0" input_semantic="TEXCOORD" input_set="0" />
                        </instance_material>
                    </technique_common>
                </bind_material>
            </instance_geometry>
        </node>
        <node id="ID25" name="Flower_With_Leaf_CLuster">
            <node id="ID26" name="instance_5">
                <matrix>0.3272179 -0.6681798 0.6681798 2.846043 -0.9449489 -0.231378 0.231378 6.290893 -2.283932e-008 -0.7071068 -0.7071068 1.193167 0 0 0 1</matrix>
                <instance_node url="#ID6" />
            </node>
            <node id="ID27" name="instance_6">
                <matrix>-0.2650465 0.7013919 -0.3064306 0.6997582 0.7654086 0.2428787 -0.1061111 0.5178737 5.551115e-017 -0.3242827 -0.7422538 0.670552 0 0 0 1</matrix>
                <instance_node url="#ID6" />
            </node>
            <node id="ID28" name="instance_7">
                <matrix>0.8953205 -0.3722719 0.2445707 0.5691946 -0.4021884 -0.9116315 0.08469025 6.615628 0.1914306 -0.1741884 -0.9659258 0.02938075 0 0 0 1</matrix>
                <instance_node url="#ID6" />
            </node>
            <node id="ID29" name="instance_8">
                <matrix>1 0 0 0 0 1 0 1.87624 0 0 1 0.2012443 0 0 0 1</matrix>
                <instance_node url="#ID30" />
            </node>
        </node>
        <node id="ID30" name="Spiraea_Snow_Storm_Flower">
            <instance_geometry url="#ID31">
                <bind_material>
                    <technique_common>
                        <instance_material symbol="Material2" target="#ID32">
                            <bind_vertex_input semantic="UVSET0" input_semantic="TEXCOORD" input_set="0" />
                        </instance_material>
                        <instance_material symbol="Material3" target="#ID41">
                            <bind_vertex_input semantic="UVSET0" input_semantic="TEXCOORD" input_set="0" />
                        </instance_material>
                    </technique_common>
                </bind_material>
            </instance_geometry>
        </node>
        <node id="ID47" name="Component_1">
            <node id="ID48" name="instance_10">
                <matrix>0.6719289 0.6916548 -0.2648117 0.92646 -0.5363812 0.2079117 -0.8179658 3.914373 -0.5106925 0.6916548 0.5106925 3.111443 0 0 0 1</matrix>
                <instance_node url="#ID4" />
            </node>
            <node id="ID49" name="instance_11">
                <matrix>2.083989e-014 -0.8110638 0.5849577 11.6179 1 1.66464e-014 -1.254552e-014 5.033562 4.377807e-016 0.5849577 0.8110638 1.778291 0 0 0 1</matrix>
                <instance_node url="#ID4" />
            </node>
            <node id="ID50" name="instance_12">
                <matrix>-0.2502157 0.5503928 0.7965299 8.290348 -0.853317 0.2633269 -0.4500101 5.862677 -0.45743 -0.7922921 0.403771 7.175882 0 0 0 1</matrix>
                <instance_node url="#ID4" />
            </node>
            <node id="ID51" name="instance_13">
                <matrix>0.4438322 -0.7912685 0.4206032 8.519237 0.5866554 -0.09823246 -0.8038568 2.516202 0.6773835 0.6035267 0.4206032 -1.301753 0 0 0 1</matrix>
                <instance_node url="#ID4" />
            </node>
            <node id="ID52" name="instance_14">
                <matrix>-0.6101452 -0.7922896 -3.330669e-016 6.608737 0.5602334 -0.4314378 0.7071068 8.331919 -0.5602334 0.4314378 0.7071068 3.75305 0 0 0 1</matrix>
                <instance_node url="#ID4" />
            </node>
            <node id="ID53" name="instance_15">
                <matrix>1 0 0 3.827661 0 1 0 2.822051 0 0 1 4.695214 0 0 0 1</matrix>
                <instance_node url="#ID4" />
            </node>
            <node id="ID54" name="instance_16">
                <matrix>0.2637422 0.7071068 -0.6560793 0.7053668 -0.9278363 1.265654e-014 -0.3729877 8.356454 -0.2637422 0.7071068 0.6560793 2.281806 0 0 0 1</matrix>
                <instance_node url="#ID4" />
            </node>
            <node id="ID55" name="instance_17">
                <matrix>-0.1495353 0.9887564 6.106227e-016 4.409443 -0.7673208 -0.1160464 0.6306758 11.49548 0.6235847 0.09430832 0.7760464 1.56006 0 0 0 1</matrix>
                <instance_node url="#ID4" />
            </node>
        </node>
        <node id="ID71" name="Spiraea_Snow_Storm_Half_Trunk">
            <instance_geometry url="#ID72">
                <bind_material>
                    <technique_common>
                        <instance_material symbol="Material2" target="#ID73">
                            <bind_vertex_input semantic="UVSET0" input_semantic="TEXCOORD" input_set="0" />
                        </instance_material>
                        <instance_material symbol="Material3" target="#ID78">
                            <bind_vertex_input semantic="UVSET0" input_semantic="TEXCOORD" input_set="0" />
                        </instance_material>
                    </technique_common>
                </bind_material>
            </instance_geometry>
        </node>
    </library_nodes>
    <library_geometries>
        <geometry id="ID7">
            <mesh>
                <source id="ID13">
                    <float_array id="ID19" count="360">1.307085 1.0625 0.25 0.3178066 1.663536 0 0.937429 0.8004373 0.25 0.937429 0.8004373 0.25 0.3178066 1.663536 0 1.307085 1.0625 0.25 0.3178066 1.663536 0 0.937429 0.8004373 0.25 1.307085 1.0625 0.25 0.937429 0.8004373 0.25 0.3178066 1.663536 0 0.1221797 1.203395 0 0.1221797 1.203395 0 0.3178066 1.663536 0 0.937429 0.8004373 0.25 0.1221797 1.203395 0 1.35961 0.05298772 0 0.937429 0.8004373 0.25 0.5677729 0.538375 0.25 1.307085 1.0625 0.25 1.307085 1.0625 0.25 1.35961 0.05298772 0 0.937429 0.8004373 0.25 0.5677729 0.538375 0.25 1.35961 0.05298772 0 0.5677729 0.538375 0.25 1.307085 1.0625 0.25 0.7611807 2.009695 0 0.3178066 1.663536 0 0.3178066 1.663536 0 0.7611807 2.009695 0 1.307085 1.0625 0.25 0.7611807 2.009695 0 0.937429 0.8004373 0.25 0.1221797 1.203395 0 0.5677729 0.538375 0.25 0.5677729 0.538375 0.25 0.1221797 1.203395 0 0.937429 0.8004373 0.25 1.967312 0.374476 0 1.307085 1.0625 0.25 1.35961 0.05298772 0 1.35961 0.05298772 0 1.307085 1.0625 0.25 1.967312 0.374476 0 1.967312 0.374476 0 1.35961 0.05298772 0 0.5677729 0.538375 0.25 0.674155 0 0 0.674155 0 0 0.5677729 0.538375 0.25 1.35961 0.05298772 0 0.674155 0 0 1.307085 1.0625 0.25 1.083102 2.202027 0 0.7611807 2.009695 0 0.7611807 2.009695 0 1.083102 2.202027 0 1.307085 1.0625 0.25 1.083102 2.202027 0 0.5677729 0.538375 0.25 0.1221797 1.203395 0 0 0.4634137 0 0 0.4634137 0 0.1221797 1.203395 0 0.5677729 0.538375 0.25 0 0.4634137 0 2.046397 1.586624 0.25 1.307085 1.0625 0.25 1.967312 0.374476 0 1.967312 0.374476 0 1.307085 1.0625 0.25 2.046397 1.586624 0.25 2.046397 1.586624 0.25 0.674155 0 0 0.5677729 0.538375 0.25 0.049817 0.02875927 0 0.049817 0.02875927 0 0.5677729 0.538375 0.25 0.674155 0 0 0.049817 0.02875927 0 2.046397 1.586624 0.25 1.083102 2.202027 0 1.307085 1.0625 0.25 1.307085 1.0625 0.25 1.083102 2.202027 0 2.046397 1.586624 0.25 0.5677729 0.538375 0.25 0 0.4634137 0 0.049817 0.02875927 0 0.049817 0.02875927 0 0 0.4634137 0 0.5677729 0.538375 0.25 2.449082 1.028734 0 2.046397 1.586624 0.25 1.967312 0.374476 0 1.967312 0.374476 0 2.046397 1.586624 0.25 2.449082 1.028734 0 2.449082 1.028734 0 2.046397 1.586624 0.25 1.767158 2.133293 0 1.083102 2.202027 0 1.083102 2.202027 0 1.767158 2.133293 0 2.046397 1.586624 0.25 1.767158 2.133293 0 2.530582 1.711386 0 2.046397 1.586624 0.25 2.449082 1.028734 0 2.449082 1.028734 0 2.046397 1.586624 0.25 2.530582 1.711386 0 2.530582 1.711386 0 2.530582 1.711386 0 1.767158 2.133293 0 2.046397 1.586624 0.25 2.046397 1.586624 0.25 1.767158 2.133293 0 2.530582 1.711386 0</float_array>
                    <technique_common>
                        <accessor count="120" source="#ID19" stride="3">
                            <param name="X" type="float" />
                            <param name="Y" type="float" />
                            <param name="Z" type="float" />
                        </accessor>
                    </technique_common>
                </source>
                <source id="ID14">
                    <float_array id="ID20" count="360">-0.1324677 0.1868545 0.9734155 -0.1324677 0.1868545 0.9734155 -0.1324677 0.1868545 0.9734155 0.1324677 -0.1868545 -0.9734155 0.1324677 -0.1868545 -0.9734155 0.1324677 -0.1868545 -0.9734155 0 0 0 0 0 0 0 0 0 -0.2443118 0.103868 0.9641178 -0.2443118 0.103868 0.9641178 -0.2443118 0.103868 0.9641178 0.2443118 -0.103868 -0.9641178 0.2443118 -0.103868 -0.9641178 0.2443118 -0.103868 -0.9641178 0 0 0 0.1624977 -0.2292137 0.9597164 0.1624977 -0.2292137 0.9597164 0.1624977 -0.2292137 0.9597164 0.1624977 -0.2292137 0.9597164 -0.1624977 0.2292137 -0.9597164 -0.1624977 0.2292137 -0.9597164 -0.1624977 0.2292137 -0.9597164 -0.1624977 0.2292137 -0.9597164 0 0 0 0 0 0 -0.1384727 0.1773615 0.9743553 -0.1384727 0.1773615 0.9743553 -0.1384727 0.1773615 0.9743553 0.1384727 -0.1773615 -0.9743553 0.1384727 -0.1773615 -0.9743553 0.1384727 -0.1773615 -0.9743553 0 0 0 -0.1724615 0.2432684 0.9545038 -0.1724615 0.2432684 0.9545038 -0.1724615 0.2432684 0.9545038 0.1724615 -0.2432684 -0.9545038 0.1724615 -0.2432684 -0.9545038 0.1724615 -0.2432684 -0.9545038 0.1230097 -0.2325224 0.9647808 0.1230097 -0.2325224 0.9647808 0.1230097 -0.2325224 0.9647808 -0.1230097 0.2325224 -0.9647808 -0.1230097 0.2325224 -0.9647808 -0.1230097 0.2325224 -0.9647808 0 0 0 0.0321363 -0.4157187 0.9089253 0.0321363 -0.4157187 0.9089253 0.0321363 -0.4157187 0.9089253 -0.0321363 0.4157187 -0.9089253 -0.0321363 0.4157187 -0.9089253 -0.0321363 0.4157187 -0.9089253 0 0 0 -0.1143468 0.1913915 0.9748303 -0.1143468 0.1913915 0.9748303 -0.1143468 0.1913915 0.9748303 0.1143468 -0.1913915 -0.9748303 0.1143468 -0.1913915 -0.9748303 0.1143468 -0.1913915 -0.9748303 0 0 0 -0.4095234 0.0676172 0.9097904 -0.4095234 0.0676172 0.9097904 -0.4095234 0.0676172 0.9097904 0.4095234 -0.0676172 -0.9097904 0.4095234 -0.0676172 -0.9097904 0.4095234 -0.0676172 -0.9097904 0 0 0 0.1481878 -0.2090286 0.9666165 0.1481878 -0.2090286 0.9666165 0.1481878 -0.2090286 0.9666165 -0.1481878 0.2090286 -0.9666165 -0.1481878 0.2090286 -0.9666165 -0.1481878 0.2090286 -0.9666165 0 0 0 -0.01954298 -0.4242606 0.9053292 -0.01954298 -0.4242606 0.9053292 -0.01954298 -0.4242606 0.9053292 0.01954298 0.4242606 -0.9053292 0.01954298 0.4242606 -0.9053292 0.01954298 0.4242606 -0.9053292 0 0 0 -0.1328596 0.1874073 0.9732558 -0.1328596 0.1874073 0.9732558 -0.1328596 0.1874073 0.9732558 0.1328596 -0.1874073 -0.9732558 0.1328596 -0.1874073 -0.9732558 0.1328596 -0.1874073 -0.9732558 -0.3975186 -0.04556075 0.9164623 -0.3975186 -0.04556075 0.9164623 -0.3975186 -0.04556075 0.9164623 0.3975186 0.04556075 -0.9164623 0.3975186 0.04556075 -0.9164623 0.3975186 0.04556075 -0.9164623 0.2871172 -0.2114221 0.9342721 0.2871172 -0.2114221 0.9342721 0.2871172 -0.2114221 0.9342721 -0.2871172 0.2114221 -0.9342721 -0.2871172 0.2114221 -0.9342721 -0.2871172 0.2114221 -0.9342721 0 0 0 0.04359048 0.4338236 0.8999427 0.04359048 0.4338236 0.8999427 0.04359048 0.4338236 0.8999427 -0.04359048 -0.4338236 -0.8999427 -0.04359048 -0.4338236 -0.8999427 -0.04359048 -0.4338236 -0.8999427 0 0 0 0.4694281 -0.0560433 0.8811904 0.4694281 -0.0560433 0.8811904 0.4694281 -0.0560433 0.8811904 -0.4694281 0.0560433 -0.8811904 -0.4694281 0.0560433 -0.8811904 -0.4694281 0.0560433 -0.8811904 0 0 0 0.28469 0.5151355 0.8084473 0.28469 0.5151355 0.8084473 0.28469 0.5151355 0.8084473 -0.28469 -0.5151355 -0.8084473 -0.28469 -0.5151355 -0.8084473 -0.28469 -0.5151355 -0.8084473</float_array>
                    <technique_common>
                        <accessor count="120" source="#ID20" stride="3">
                            <param name="X" type="float" />
                            <param name="Y" type="float" />
                            <param name="Z" type="float" />
                        </accessor>
                    </technique_common>
                </source>
                <source id="ID16">
                    <float_array id="ID21" count="32">0.5201653 0.4835351 0.1060247 0.7686947 0.3654166 0.3592007 0.0241296 0.5503824 0.5421538 0.004576054 0.2106678 0.2348662 0.2916339 0.9329283 0.7965554 0.1571049 0.2552024 -0.02056377 0.4263996 1.024179 -0.02701838 0.1993011 0.8296629 0.732204 -0.006163536 -0.006919042 0.9982385 0.4675151 0.7127651 0.9915689 1.032356 0.7913969</float_array>
                    <technique_common>
                        <accessor count="16" source="#ID21" stride="2">
                            <param name="S" type="float" />
                            <param name="T" type="float" />
                        </accessor>
                    </technique_common>
                </source>
                <vertices id="ID15">
                    <input semantic="POSITION" source="#ID13" />
                    <input semantic="NORMAL" source="#ID14" />
                </vertices>
                <triangles count="36" material="Material2">
                    <input offset="0" semantic="VERTEX" source="#ID15" />
                    <input offset="1" semantic="TEXCOORD" source="#ID16" />
                    <p>0 0 1 1 2 2 3 2 4 1 5 0 9 2 10 1 11 3 12 3 13 1 14 2 16 4 17 2 18 5 17 2 16 4 19 0 20 0 21 4 22 2 23 5 22 2 21 4 26 0 27 6 28 1 29 1 30 6 31 0 33 2 34 3 35 5 36 5 37 3 38 2 39 7 40 0 41 4 42 4 43 0 44 7 46 4 47 5 48 8 49 8 50 5 51 4 53 0 54 9 55 6 56 6 57 9 58 0 60 5 61 3 62 10 63 10 64 3 65 5 67 11 68 0 69 7 70 7 71 0 72 11 74 8 75 5 76 12 77 12 78 5 79 8 81 11 82 9 83 0 84 0 85 9 86 11 87 5 88 10 89 12 90 12 91 10 92 5 93 13 94 11 95 7 96 7 97 11 98 13 100 11 101 14 102 9 103 9 104 14 105 11 107 15 108 11 109 13 110 13 111 11 112 15 114 15 115 14 116 11 117 11 118 14 119 15</p>
                </triangles>
                <lines count="32" material="Material3">
                    <input offset="0" semantic="VERTEX" source="#ID15" />
                    <p />
                </lines>
            </mesh>
        </geometry>
        <geometry id="ID31">
            <mesh>
                <source id="ID37">
                    <float_array id="ID43" count="633">2.378551 0 0 2.212309 1.153107 0.6642369 2.10265 0.2539759 0 2.10265 0.2539759 0 2.212309 1.153107 0.6642369 2.378551 0 0 2.212309 1.153107 0.6642369 2.10265 0.2539759 0 2.378551 0 0 2.212309 1.153107 0.6642369 1.930017 1.019063 0.6642369 2.10265 0.2539759 0 2.10265 0.2539759 0 1.930017 1.019063 0.6642369 2.212309 1.153107 0.6642369 1.930017 1.019063 0.6642369 2.990152 0.1936424 0 2.212309 1.153107 0.6642369 2.378551 0 0 2.378551 0 0 2.212309 1.153107 0.6642369 2.990152 0.1936424 0 2.990152 0.1936424 0 1.930017 1.019063 0.6642369 1.697847 1.508007 0.6642369 1.672786 1.196514 0.6642369 1.980139 1.64205 0.6642369 2.212309 1.153107 0.6642369 2.23737 1.4646 0.6642369 2.23737 1.4646 0.6642369 2.212309 1.153107 0.6642369 1.980139 1.64205 0.6642369 1.930017 1.019063 0.6642369 1.697847 1.508007 0.6642369 1.672786 1.196514 0.6642369 2.23737 1.4646 0.6642369 1.980139 1.64205 0.6642369 1.697847 1.508007 0.6642369 1.672786 1.196514 0.6642369 2.10265 0.2539759 0 1.930017 1.019063 0.6642369 1.625117 0.4021716 0 1.625117 0.4021716 0 1.930017 1.019063 0.6642369 2.10265 0.2539759 0 1.625117 0.4021716 0 3.131198 0.4000552 0 2.212309 1.153107 0.6642369 2.990152 0.1936424 0 2.990152 0.1936424 0 2.212309 1.153107 0.6642369 3.131198 0.4000552 0 3.131198 0.4000552 0 3.131198 2.255211 0 2.23737 1.4646 0.6642369 2.212309 1.153107 0.6642369 2.212309 1.153107 0.6642369 2.23737 1.4646 0.6642369 3.131198 2.255211 0 3.131198 2.255211 0 2.480588 2.930202 0 1.980139 1.64205 0.6642369 2.23737 1.4646 0.6642369 2.23737 1.4646 0.6642369 1.980139 1.64205 0.6642369 2.480588 2.930202 0 2.480588 2.930202 0 1.980139 1.64205 0.6642369 1.697847 1.508007 0.6642369 0.2819832 3.377475 0 0.2819832 3.377475 0 1.697847 1.508007 0.6642369 1.980139 1.64205 0.6642369 0.2819832 3.377475 0 1.697847 1.508007 0.6642369 0.4344453 2.166624 0 1.672786 1.196514 0.6642369 1.672786 1.196514 0.6642369 0.4344453 2.166624 0 1.697847 1.508007 0.6642369 0.4344453 2.166624 0 1.930017 1.019063 0.6642369 1.672786 1.196514 0.6642369 1.551019 0.163405 0 1.551019 0.163405 0 1.672786 1.196514 0.6642369 1.930017 1.019063 0.6642369 1.551019 0.163405 0 1.930017 1.019063 0.6642369 1.551019 0.163405 0 1.625117 0.4021716 0 1.625117 0.4021716 0 1.551019 0.163405 0 1.930017 1.019063 0.6642369 3.525073 0.4000552 0 2.212309 1.153107 0.6642369 3.131198 0.4000552 0 3.131198 0.4000552 0 2.212309 1.153107 0.6642369 3.525073 0.4000552 0 3.525073 0.4000552 0 3.65441 1.477294 0 3.131198 2.255211 0 2.212309 1.153107 0.6642369 2.212309 1.153107 0.6642369 3.131198 2.255211 0 3.65441 1.477294 0 3.65441 1.477294 0 3.131198 2.255211 0 2.480588 2.930202 0 2.23737 1.4646 0.6642369 2.23737 1.4646 0.6642369 2.480588 2.930202 0 3.131198 2.255211 0 2.480588 2.930202 0 1.918088 2.930202 0 1.980139 1.64205 0.6642369 1.980139 1.64205 0.6642369 1.918088 2.930202 0 2.480588 2.930202 0 1.918088 2.930202 0 1.980139 1.64205 0.6642369 0.2819832 3.377475 0 1.165038 3.692309 0 1.165038 3.692309 0 0.2819832 3.377475 0 1.980139 1.64205 0.6642369 1.165038 3.692309 0 1.697847 1.508007 0.6642369 0.2819832 3.377475 0 0 2.682503 0 0 2.682503 0 0.2819832 3.377475 0 1.697847 1.508007 0.6642369 0 2.682503 0 1.672786 1.196514 0.6642369 0.4344453 2.166624 0 0.02837061 1.252784 0 0.02837061 1.252784 0 0.4344453 2.166624 0 1.672786 1.196514 0.6642369 0.02837061 1.252784 0 1.697847 1.508007 0.6642369 0.09175529 2.318902 0 0.4344453 2.166624 0 0.4344453 2.166624 0 0.09175529 2.318902 0 1.697847 1.508007 0.6642369 0.09175529 2.318902 0 1.238519 0.163405 0 1.672786 1.196514 0.6642369 0.5719174 0.163405 0 1.551019 0.163405 0 1.551019 0.163405 0 1.238519 0.163405 0 1.672786 1.196514 0.6642369 0.5719174 0.163405 0 1.238519 0.163405 0 0.5719174 0.163405 0 3.845583 0.6978453 0 2.212309 1.153107 0.6642369 3.525073 0.4000552 0 3.525073 0.4000552 0 2.212309 1.153107 0.6642369 3.845583 0.6978453 0 3.845583 0.6978453 0 3.933457 1.062404 0 3.65441 1.477294 0 2.212309 1.153107 0.6642369 2.212309 1.153107 0.6642369 3.65441 1.477294 0 3.933457 1.062404 0 3.933457 1.062404 0 1.770573 3.537544 0 1.918088 2.930202 0 1.980139 1.64205 0.6642369 1.980139 1.64205 0.6642369 1.918088 2.930202 0 1.770573 3.537544 0 1.770573 3.537544 0 1.980139 1.64205 0.6642369 1.165038 3.692309 0 1.770573 3.537544 0 1.770573 3.537544 0 1.165038 3.692309 0 1.980139 1.64205 0.6642369 1.697847 1.508007 0.6642369 0 2.682503 0 0.09175529 2.318902 0 0.09175529 2.318902 0 0 2.682503 0 1.697847 1.508007 0.6642369 1.672786 1.196514 0.6642369 0.02837061 1.252784 0 0.02837061 1.002784 0 0.02837061 1.002784 0 0.02837061 1.252784 0 1.672786 1.196514 0.6642369 0.02837061 1.002784 0 1.672786 1.196514 0.6642369 0.02837061 1.002784 0 0.5719174 0.163405 0 0.5719174 0.163405 0 0.02837061 1.002784 0 1.672786 1.196514 0.6642369 3.933457 1.062404 0 2.212309 1.153107 0.6642369 3.845583 0.6978453 0 3.845583 0.6978453 0 2.212309 1.153107 0.6642369 3.933457 1.062404 0</float_array>
                    <technique_common>
                        <accessor count="211" source="#ID43" stride="3">
                            <param name="X" type="float" />
                            <param name="Y" type="float" />
                            <param name="Z" type="float" />
                        </accessor>
                    </technique_common>
                </source>
                <source id="ID38">
                    <float_array id="ID44" count="633">-0.4538332 -0.493011 0.7422773 -0.4538332 -0.493011 0.7422773 -0.4538332 -0.493011 0.7422773 0.4538332 0.493011 -0.7422773 0.4538332 0.493011 -0.7422773 0.4538332 0.493011 -0.7422773 0 0 0 0 0 0 0 0 0 0.2811865 -0.5921718 0.7551601 0.2811865 -0.5921718 0.7551601 0.2811865 -0.5921718 0.7551601 -0.2811865 0.5921718 -0.7551601 -0.2811865 0.5921718 -0.7551601 -0.2811865 0.5921718 -0.7551601 0 0 0 0.1510212 -0.4769863 0.8658387 0.1510212 -0.4769863 0.8658387 0.1510212 -0.4769863 0.8658387 -0.1510212 0.4769863 -0.8658387 -0.1510212 0.4769863 -0.8658387 -0.1510212 0.4769863 -0.8658387 0 0 0 0 0 1 0 0 1 0 0 1 0 0 1 0 0 1 0 0 1 -0 -0 -1 -0 -0 -1 -0 -0 -1 -0 -0 -1 -0 -0 -1 -0 -0 -1 0 0 0 0 0 0 0 0 0 0 0 0 -0.2071798 -0.6675988 0.7151142 -0.2071798 -0.6675988 0.7151142 -0.2071798 -0.6675988 0.7151142 0.2071798 0.6675988 -0.7151142 0.2071798 0.6675988 -0.7151142 0.2071798 0.6675988 -0.7151142 0 0 0 0.4040896 -0.2761212 0.8720486 0.4040896 -0.2761212 0.8720486 0.4040896 -0.2761212 0.8720486 -0.4040896 0.2761212 -0.8720486 -0.4040896 0.2761212 -0.8720486 -0.4040896 0.2761212 -0.8720486 0 0 0 0.6239425 -0.05019894 0.7798563 0.6239425 -0.05019894 0.7798563 0.6239425 -0.05019894 0.7798563 -0.6239425 0.05019894 -0.7798563 -0.6239425 0.05019894 -0.7798563 -0.6239425 0.05019894 -0.7798563 0 0 0 0.2515155 0.3645953 0.8965546 0.2515155 0.3645953 0.8965546 0.2515155 0.3645953 0.8965546 -0.2515155 -0.3645953 -0.8965546 -0.2515155 -0.3645953 -0.8965546 -0.2515155 -0.3645953 -0.8965546 0 0 0 0.119201 -0.2510344 -0.9606107 0.119201 -0.2510344 -0.9606107 0.119201 -0.2510344 -0.9606107 -0.119201 0.2510344 0.9606107 -0.119201 0.2510344 0.9606107 -0.119201 0.2510344 0.9606107 0 0 0 -0.450193 0.03622002 0.8921964 -0.450193 0.03622002 0.8921964 -0.450193 0.03622002 0.8921964 0.450193 -0.03622002 -0.8921964 0.450193 -0.03622002 -0.8921964 0.450193 -0.03622002 -0.8921964 0 0 0 -0.3325074 -0.4820007 0.8106258 -0.3325074 -0.4820007 0.8106258 -0.3325074 -0.4820007 0.8106258 0.3325074 0.4820007 -0.8106258 0.3325074 0.4820007 -0.8106258 0.3325074 0.4820007 -0.8106258 0 0 0 0.9426065 -0.2925246 -0.1610042 0.9426065 -0.2925246 -0.1610042 0.9426065 -0.2925246 -0.1610042 -0.9426065 0.2925246 0.1610042 -0.9426065 0.2925246 0.1610042 -0.9426065 0.2925246 0.1610042 7.098002e-016 -0.6614984 0.7499466 7.098002e-016 -0.6614984 0.7499466 7.098002e-016 -0.6614984 0.7499466 -7.098002e-016 0.6614984 -0.7499466 -7.098002e-016 0.6614984 -0.7499466 -7.098002e-016 0.6614984 -0.7499466 0 0 0 0.3603987 0.2423974 0.9007532 0.3603987 0.2423974 0.9007532 0.3603987 0.2423974 0.9007532 -0.3603987 -0.2423974 -0.9007532 -0.3603987 -0.2423974 -0.9007532 -0.3603987 -0.2423974 -0.9007532 0 0 0 0.3504214 0.3377637 0.8735677 0.3504214 0.3377637 0.8735677 0.3504214 0.3377637 0.8735677 -0.3504214 -0.3377637 -0.8735677 -0.3504214 -0.3377637 -0.8735677 -0.3504214 -0.3377637 -0.8735677 0 0.4583075 0.8887937 0 0.4583075 0.8887937 0 0.4583075 0.8887937 -0 -0.4583075 -0.8887937 -0 -0.4583075 -0.8887937 -0 -0.4583075 -0.8887937 0 0 0 0.09686749 -0.271696 -0.9574957 0.09686749 -0.271696 -0.9574957 0.09686749 -0.271696 -0.9574957 -0.09686749 0.271696 0.9574957 -0.09686749 0.271696 0.9574957 -0.09686749 0.271696 0.9574957 0 0 0 -0.2901221 0.1177164 0.9497221 -0.2901221 0.1177164 0.9497221 -0.2901221 0.1177164 0.9497221 0.2901221 -0.1177164 -0.9497221 0.2901221 -0.1177164 -0.9497221 0.2901221 -0.1177164 -0.9497221 0 0 0 -0.364806 0.1621055 0.9168633 -0.364806 0.1621055 0.9168633 -0.364806 0.1621055 0.9168633 0.364806 -0.1621055 -0.9168633 0.364806 -0.1621055 -0.9168633 0.364806 -0.1621055 -0.9168633 0 0 0 -0.4024911 -0.9057753 -0.1325593 -0.4024911 -0.9057753 -0.1325593 -0.4024911 -0.9057753 -0.1325593 0.4024911 0.9057753 0.1325593 0.4024911 0.9057753 0.1325593 0.4024911 0.9057753 0.1325593 0 0 0 5.830526e-017 -0.5408128 0.841143 5.830526e-017 -0.5408128 0.841143 5.830526e-017 -0.5408128 0.841143 5.830526e-017 -0.5408128 0.841143 -5.830526e-017 0.5408128 -0.841143 -5.830526e-017 0.5408128 -0.841143 -5.830526e-017 0.5408128 -0.841143 -5.830526e-017 0.5408128 -0.841143 0 0 0 0 0 0 0.2842516 -0.3059394 0.9086265 0.2842516 -0.3059394 0.9086265 0.2842516 -0.3059394 0.9086265 -0.2842516 0.3059394 -0.9086265 -0.2842516 0.3059394 -0.9086265 -0.2842516 0.3059394 -0.9086265 0 0 0 0.3603987 0.2423974 0.9007532 0.3603987 0.2423974 0.9007532 0.3603987 0.2423974 0.9007532 -0.3603987 -0.2423974 -0.9007532 -0.3603987 -0.2423974 -0.9007532 -0.3603987 -0.2423974 -0.9007532 0 0 0 -0.9122691 -0.2215776 -0.3444829 -0.9122691 -0.2215776 -0.3444829 -0.9122691 -0.2215776 -0.3444829 0.9122691 0.2215776 0.3444829 0.9122691 0.2215776 0.3444829 0.9122691 0.2215776 0.3444829 0 0 0 -0.0863792 -0.3379675 -0.9371855 -0.0863792 -0.3379675 -0.9371855 -0.0863792 -0.3379675 -0.9371855 0.0863792 0.3379675 0.9371855 0.0863792 0.3379675 0.9371855 0.0863792 0.3379675 0.9371855 -0.4258102 -0.1074538 0.8984093 -0.4258102 -0.1074538 0.8984093 -0.4258102 -0.1074538 0.8984093 0.4258102 0.1074538 -0.8984093 0.4258102 0.1074538 -0.8984093 0.4258102 0.1074538 -0.8984093 -0.3745338 -1.142057e-016 0.9272132 -0.3745338 -1.142057e-016 0.9272132 -0.3745338 -1.142057e-016 0.9272132 0.3745338 1.142057e-016 -0.9272132 0.3745338 1.142057e-016 -0.9272132 0.3745338 1.142057e-016 -0.9272132 0 0 0 -0.3426154 -0.2218635 0.9129027 -0.3426154 -0.2218635 0.9129027 -0.3426154 -0.2218635 0.9129027 0.3426154 0.2218635 -0.9129027 0.3426154 0.2218635 -0.9129027 0.3426154 0.2218635 -0.9129027 0.3547997 -0.0855208 0.9310227 0.3547997 -0.0855208 0.9310227 0.3547997 -0.0855208 0.9310227 -0.3547997 0.0855208 -0.9310227 -0.3547997 0.0855208 -0.9310227 -0.3547997 0.0855208 -0.9310227</float_array>
                    <technique_common>
                        <accessor count="211" source="#ID44" stride="3">
                            <param name="X" type="float" />
                            <param name="Y" type="float" />
                            <param name="Z" type="float" />
                        </accessor>
                    </technique_common>
                </source>
                <source id="ID40">
                    <float_array id="ID45" count="70">0.6181489 -0.0333563 0.5739732 0.295345 0.5448334 0.03904137 0.4989594 0.257135 0.7806706 0.02184286 0.5103508 0.2516428 0.3869613 0.5303967 0.3736423 0.3528097 0.5369888 0.6068167 0.6603783 0.3280628 0.6736973 0.5056497 0.4179379 0.08128563 0.8181507 0.0806823 0.8181507 0.6095077 0.5806327 0.3841385 0.6452634 0.8019189 0.5122784 0.434722 0.4372647 0.396512 0.06102528 0.9294172 0.1015392 0.5842554 0.4306052 0.3077185 0.3982478 0.01322348 0.9228156 0.0806823 0.9571846 0.3877569 0.4957895 0.8019189 0.2956805 1.019163 -0.01390649 0.7313105 -0.006367527 0.3237588 0.01047577 0.6276634 0.3152067 0.01322348 0.1380699 0.01322348 1.007985 0.1655695 1.031336 0.2694897 0.4565901 0.9750461 -0.006367527 0.2524945</float_array>
                    <technique_common>
                        <accessor count="35" source="#ID45" stride="2">
                            <param name="S" type="float" />
                            <param name="T" type="float" />
                        </accessor>
                    </technique_common>
                </source>
                <vertices id="ID39">
                    <input semantic="POSITION" source="#ID37" />
                    <input semantic="NORMAL" source="#ID38" />
                </vertices>
                <triangles count="66" material="Material2">
                    <input offset="0" semantic="VERTEX" source="#ID39" />
                    <input offset="1" semantic="TEXCOORD" source="#ID40" />
                    <p>0 0 1 1 2 2 3 2 4 1 5 0 9 1 10 3 11 2 12 2 13 3 14 1 16 4 17 1 18 0 19 0 20 1 21 4 23 5 24 6 25 7 24 6 23 5 26 8 26 8 23 5 27 9 26 8 27 9 28 10 29 10 30 9 31 8 30 9 32 5 31 8 31 8 32 5 33 6 34 7 33 6 32 5 39 2 40 3 41 11 42 11 43 3 44 2 46 12 47 1 48 4 49 4 50 1 51 12 53 13 54 14 55 1 56 1 57 14 58 13 60 15 61 16 62 14 63 14 64 16 65 15 67 16 68 17 69 18 70 18 71 17 72 16 74 17 75 19 76 20 77 20 78 19 79 17 81 3 82 20 83 21 84 21 85 20 86 3 88 3 89 21 90 11 91 11 92 21 93 3 94 22 95 1 96 12 97 12 98 1 99 22 101 23 102 13 103 1 104 1 105 13 106 23 108 13 109 15 110 14 111 14 112 15 113 13 114 15 115 24 116 16 117 16 118 24 119 15 121 16 122 18 123 25 124 25 125 18 126 16 128 17 129 18 130 26 131 26 132 18 133 17 135 20 136 19 137 27 138 27 139 19 140 20 142 17 143 28 144 19 145 19 146 28 147 17 149 29 150 20 151 30 150 20 149 29 152 21 153 21 154 29 155 20 156 30 155 20 154 29 159 31 160 1 161 22 162 22 163 1 164 31 166 32 167 23 168 1 169 1 170 23 171 32 173 33 174 24 175 16 176 16 177 24 178 33 180 16 181 25 182 33 183 33 184 25 185 16 186 17 187 26 188 28 189 28 190 26 191 17 192 20 193 27 194 34 195 34 196 27 197 20 199 20 200 34 201 30 202 30 203 34 204 20 205 32 206 1 207 31 208 31 209 1 210 32</p>
                </triangles>
                <lines count="57" material="Material3">
                    <input offset="0" semantic="VERTEX" source="#ID39" />
                    <p />
                </lines>
            </mesh>
        </geometry>
        <geometry id="ID72">
            <mesh>
                <source id="ID75">
